%YAML:1.0
---
R: !!opencv-matrix
   rows: 3
   cols: 3
   dt: d
   data: [ 9.9997023317477329e-01, 4.7391716506655548e-03,
       6.0887614877847204e-03, -4.8084902439713226e-03,
       9.9992321739124790e-01, 1.1420934441144814e-02,
       -6.0341682080660534e-03, -1.1449872226397250e-02,
       9.9991624111224231e-01 ]
T: !!opencv-matrix
   rows: 3
   cols: 1
   dt: d
   data: [ -3.3425631647506542e+00, 4.6707330570878412e-02,
       2.2128673225985771e-03 ]
R1: !!opencv-matrix
   rows: 3
   cols: 3
   dt: d
   data: [ 9.9994358114550808e-01, -9.2247799504008351e-03,
       5.2666840386806297e-03, 9.1944071476860439e-03,
       9.9994112739200225e-01, 5.7623456347524913e-03,
       -5.3195303457345194e-03, -5.7135964924427416e-03,
       9.9996952824174712e-01 ]
R2: !!opencv-matrix
   rows: 3
   cols: 3
   dt: d
   data: [ 9.9990216576700996e-01, -1.3972140149062215e-02,
       -6.6196230837484464e-04, 1.3968111650825524e-02,
       9.9988594945829545e-01, -5.7428157547674405e-03,
       7.4212623779083657e-04, 5.7330075473608537e-03,
       9.9998329079695580e-01 ]
P1: !!opencv-matrix
   rows: 3
   cols: 4
   dt: d
   data: [ 4.3982083946189863e+02, 0., 3.1934153747558594e+02, 0., 0.,
       4.3982083946189863e+02, 2.3984252166748047e+02, 0., 0., 0., 1.,
       0. ]
P2: !!opencv-matrix
   rows: 3
   cols: 4
   dt: d
   data: [ 4.3982083946189863e+02, 0., 3.1934153747558594e+02,
       -1.4702727800847788e+03, 0., 4.3982083946189863e+02,
       2.3984252166748047e+02, 0., 0., 0., 1., 0. ]
Q: !!opencv-matrix
   rows: 4
   cols: 4
   dt: d
   data: [ 1., 0., 0., -3.1934153747558594e+02, 0., 1., 0.,
       -2.3984252166748047e+02, 0., 0., 0., 4.3982083946189863e+02, 0.,
       0., 2.9914233972048210e-01, 0. ]
