%YAML:1.0
---
M1: !!opencv-matrix
   rows: 3
   cols: 3
   dt: d
   data: [ 5.3392448961962543e+02, 0., 3.2882415435528122e+02, 0.,
       5.2857636949101618e+02, 2.3724236734030271e+02, 0., 0., 1. ]
D1: !!opencv-matrix
   rows: 1
   cols: 14
   dt: d
   data: [ -2.5847769060951148e-01, -1.2969238884956724e-01, 0., 0., 0.,
       0., 0., -4.0469049017722941e-01, 0., 0., 0., 0., 0., 0. ]
M2: !!opencv-matrix
   rows: 3
   cols: 3
   dt: d
   data: [ 5.3392448961962543e+02, 0., 3.1406466834515766e+02, 0.,
       5.2857636949101618e+02, 2.4222537580611828e+02, 0., 0., 1. ]
D2: !!opencv-matrix
   rows: 1
   cols: 14
   dt: d
   data: [ -2.6275799292945562e-01, -1.3243259871023712e-02, 0., 0., 0.,
       0., 0., -1.9692462354013449e-01, 0., 0., 0., 0., 0., 0. ]
