%YAML:1.0
---
R: !!opencv-matrix
   rows: 3
   cols: 3
   dt: d
   data: [ 9.9973201801816347e-01, 3.6292422755723245e-03,
       2.2863087058308564e-02, -3.2271748952235921e-03,
       9.9983992992698134e-01, -1.7598291559260720e-02,
       -2.2923295825998419e-02, 1.7519792353629857e-02,
       9.9958370304060051e-01 ]
T: !!opencv-matrix
   rows: 3
   cols: 1
   dt: d
   data: [ -3.6960609175915429e+00, 2.0293954400472304e-02,
       2.9136263978136234e-01 ]
R1: !!opencv-matrix
   rows: 3
   cols: 3
   dt: d
   data: [ 9.9844429848202021e-01, -3.2315983089343165e-03,
       -5.5664527314225762e-02, 2.7409906260075102e-03,
       9.9995674655309275e-01, -8.8877439962051757e-03,
       5.5690841250017338e-02, 8.7213413718094258e-03,
       9.9840997010523769e-01 ]
R2: !!opencv-matrix
   rows: 3
   cols: 3
   dt: d
   data: [ 9.9689234221291445e-01, -5.4736348199130444e-03,
       -7.8585605291984967e-02, 6.1661401235042412e-03,
       9.9994424685766947e-01, 8.5721579678406882e-03,
       7.8534303035213429e-02, -9.0300884883005809e-03,
       9.9687051353155531e-01 ]
P1: !!opencv-matrix
   rows: 3
   cols: 4
   dt: d
   data: [ 7.0188387836889137e+02, 0., 3.8363997459411621e+02, 0., 0.,
       7.0188387836889137e+02, 2.4048108100891113e+02, 0., 0., 0., 1.,
       0. ]
P2: !!opencv-matrix
   rows: 3
   cols: 4
   dt: d
   data: [ 7.0188387836889137e+02, 0., 3.8363997459411621e+02,
       -2.6022926064094190e+03, 0., 7.0188387836889137e+02,
       2.4048108100891113e+02, 0., 0., 0., 1., 0. ]
Q: !!opencv-matrix
   rows: 4
   cols: 4
   dt: d
   data: [ 1., 0., 0., -3.8363997459411621e+02, 0., 1., 0.,
       -2.4048108100891113e+02, 0., 0., 0., 7.0188387836889137e+02, 0.,
       0., 2.6971750856923582e-01, 0. ]
