%YAML:1.0
---
M1: !!opencv-matrix
   rows: 3
   cols: 3
   dt: d
   data: [ 7.5462426465830094e+02, 0., 3.1776153213769413e+02, 0.,
       7.5158388307951657e+02, 2.4005353490529745e+02, 0., 0., 1. ]
D1: !!opencv-matrix
   rows: 1
   cols: 14
   dt: d
   data: [ 8.2417635048847679e-02, 1.8796329804962597e-01, 0., 0., 0.,
       0., 0., 1.7376944771594895e+00, 0., 0., 0., 0., 0., 0. ]
M2: !!opencv-matrix
   rows: 3
   cols: 3
   dt: d
   data: [ 7.5462426465830094e+02, 0., 3.2963726904905081e+02, 0.,
       7.5158388307951657e+02, 2.4054916434240596e+02, 0., 0., 1. ]
D2: !!opencv-matrix
   rows: 1
   cols: 14
   dt: d
   data: [ 1.9870219306524639e-01, -7.4385565263706055e-01, 0., 0., 0.,
       0., 0., -2.2913031865860936e-01, 0., 0., 0., 0., 0., 0. ]
